{
  "advancedEditorSelectedIdentifier" : "ProjectBrowser",
  "openSceneRelativePaths" : [
    "Chatbot.usda",
    "Room1.usda",
    "Room2.usda",
    "Room3.usda"
  ],
  "recentIdentifiers" : {
    "3B5F2909-9A85-4341-B40E-D01125CAA809" : [

    ],
    "AF09ED6F-1707-48FD-8720-65B998362C09" : [

    ],
    "B2A257E5-0E51-45F8-891F-5F5B97C2A30F" : [

    ],
    "F94CA2DB-7D00-4F6B-B85F-50CBAF8168C6" : [

    ],
    "FE31BB63-366A-4297-9D0B-6BC6713E5955" : [

    ]
  },
  "sceneCameraHistory" : {
    "0EE66E5D-D6A4-4057-9716-51E77740BFAB" : [
      {
        "date" : 730889237.702778,
        "title" : "Untitled",
        "transform" : [
          0.99999994,
          0,
          0,
          0,
          0,
          0.8660254,
          -0.49999988,
          0,
          0,
          0.49999988,
          0.8660254,
          0,
          162.03322,
          378.93875,
          580.3119,
          1
        ]
      },
      {
        "date" : 730889225.720915,
        "title" : "Untitled",
        "transform" : [
          0.99999994,
          0,
          -0,
          0,
          -0,
          0.8660254,
          -0.49999988,
          0,
          0,
          0.49999988,
          0.8660254,
          0,
          0,
          0.21625844,
          0.37457064,
          1
        ]
      }
    ],
    "3B5F2909-9A85-4341-B40E-D01125CAA809" : [
      {
        "date" : 730896296.760023,
        "title" : "Untitled",
        "transform" : [
          0.99795395,
          -1.5965906e-10,
          0.06393646,
          0,
          0.03196822,
          0.8660254,
          -0.4989769,
          0,
          -0.055370595,
          0.49999994,
          0.86425346,
          0,
          2.3377554,
          3.9061518,
          20.029839,
          1
        ]
      },
      {
        "date" : 730888577.815662,
        "title" : "Untitled",
        "transform" : [
          0.99795395,
          -1.5965906e-10,
          0.06393646,
          0,
          0.03196822,
          0.8660254,
          -0.4989769,
          0,
          -0.055370595,
          0.49999994,
          0.86425346,
          0,
          2.7172406,
          8.826668,
          17.207466,
          1
        ]
      },
      {
        "date" : 730638943.731156,
        "title" : "Untitled",
        "transform" : [
          0.99795395,
          -1.5965906e-10,
          0.06393646,
          0,
          0.03196822,
          0.8660254,
          -0.4989769,
          0,
          -0.055370595,
          0.49999994,
          0.86425346,
          0,
          4.9192915,
          15.979795,
          31.152391,
          1
        ]
      },
      {
        "date" : 730638844.694113,
        "title" : "Untitled",
        "transform" : [
          0.99795395,
          -1.5965906e-10,
          0.06393646,
          0,
          0.03196822,
          0.8660254,
          -0.4989769,
          0,
          -0.055370595,
          0.49999994,
          0.86425346,
          0,
          9.164094,
          18.88326,
          21.030432,
          1
        ]
      },
      {
        "date" : 730486451.774173,
        "title" : "Untitled",
        "transform" : [
          0.99795395,
          -1.5965906e-10,
          0.06393646,
          0,
          0.03196822,
          0.8660254,
          -0.4989769,
          0,
          -0.055370595,
          0.49999994,
          0.86425346,
          0,
          14.259945,
          29.034595,
          31.934519,
          1
        ]
      },
      {
        "date" : 730405430.723958,
        "title" : "Untitled",
        "transform" : [
          0.99837637,
          -1.5965906e-10,
          0.056960724,
          0,
          0.028480358,
          0.8660254,
          -0.49918813,
          0,
          -0.049329437,
          0.49999994,
          0.8646193,
          0,
          13.051217,
          26.164663,
          28.687435,
          1
        ]
      },
      {
        "date" : 730405339.001151,
        "title" : "Untitled",
        "transform" : [
          0.99837637,
          -1.5965906e-10,
          0.056960724,
          0,
          0.028480358,
          0.8660254,
          -0.49918813,
          0,
          -0.049329437,
          0.49999994,
          0.8646193,
          0,
          42.141254,
          83.108696,
          89.496376,
          1
        ]
      },
      {
        "date" : 730405334.513692,
        "title" : "Untitled",
        "transform" : [
          0.99837637,
          -1.5965906e-10,
          0.056960724,
          0,
          0.028480358,
          0.8660254,
          -0.49918813,
          0,
          -0.049329437,
          0.49999994,
          0.8646193,
          0,
          17.189217,
          13.579336,
          38.882214,
          1
        ]
      },
      {
        "date" : 730387028.052308,
        "title" : "Untitled",
        "transform" : [
          0.99837637,
          -1.5965906e-10,
          0.056960724,
          0,
          0.028480358,
          0.8660254,
          -0.49918813,
          0,
          -0.049329437,
          0.49999994,
          0.8646193,
          0,
          26.757992,
          21.138588,
          60.526897,
          1
        ]
      },
      {
        "date" : 730387026.544128,
        "title" : "Untitled",
        "transform" : [
          0.99837637,
          -1.5965906e-10,
          0.056960724,
          0,
          0.028480358,
          0.8660254,
          -0.49918813,
          0,
          -0.049329437,
          0.49999994,
          0.8646193,
          0,
          15.2377205,
          35.480217,
          95.74742,
          1
        ]
      }
    ],
    "10DFF9D6-E98D-44C0-873D-574A17BDA395" : [
      {
        "date" : 730631750.934159,
        "title" : "Untitled",
        "transform" : [
          0.99999994,
          0,
          -0,
          0,
          -0,
          0.8660254,
          -0.49999988,
          0,
          0,
          0.49999988,
          0.8660254,
          0,
          0,
          0.21625844,
          0.37457064,
          1
        ]
      }
    ],
    "0476F9FF-594F-4FB8-8CA9-277205E9C07D" : [
      {
        "date" : 731178635.545591,
        "title" : "Untitled",
        "transform" : [
          -0.9846481,
          1.0745569e-09,
          -0.17455164,
          0,
          -0.05462032,
          0.9497802,
          0.308114,
          0,
          0.16578567,
          0.31291786,
          -0.9351992,
          0,
          4.8427925,
          1.377824,
          0.5966673,
          1
        ]
      },
      {
        "date" : 731178621.08457,
        "title" : "Untitled",
        "transform" : [
          -0.9846481,
          1.0745569e-09,
          -0.17455164,
          0,
          -0.05462032,
          0.9497802,
          0.308114,
          0,
          0.16578567,
          0.31291786,
          -0.9351992,
          0,
          2.170532,
          1.7618451,
          -1.1861134,
          1
        ]
      },
      {
        "date" : 730896930.592897,
        "title" : "Untitled",
        "transform" : [
          -0.9846481,
          1.0745569e-09,
          -0.17455164,
          0,
          -0.05462032,
          0.9497802,
          0.308114,
          0,
          0.16578567,
          0.31291786,
          -0.9351992,
          0,
          2.7142694,
          1.6341777,
          -1.1324406,
          1
        ]
      },
      {
        "date" : 730896925.45531,
        "title" : "Untitled",
        "transform" : [
          -0.9846481,
          1.0745569e-09,
          -0.17455164,
          0,
          -0.05462032,
          0.9497802,
          0.308114,
          0,
          0.16578567,
          0.31291786,
          -0.9351992,
          0,
          -0.052551888,
          1.6395664,
          -1.6211202,
          1
        ]
      },
      {
        "date" : 730896920.418135,
        "title" : "Untitled",
        "transform" : [
          -0.98717,
          1.0745569e-09,
          -0.15967305,
          0,
          -0.049964547,
          0.9497802,
          0.30890313,
          0,
          0.15165429,
          0.31291786,
          -0.9375945,
          0,
          -0.24336958,
          5.180682,
          -5.1448345,
          1
        ]
      },
      {
        "date" : 730896893.192686,
        "title" : "Untitled",
        "transform" : [
          -0.98717,
          1.0745569e-09,
          -0.15967305,
          0,
          -0.049964547,
          0.9497802,
          0.30890313,
          0,
          0.15165429,
          0.31291786,
          -0.9375945,
          0,
          0.5478526,
          3.4014754,
          -5.704807,
          1
        ]
      },
      {
        "date" : 730896877.584953,
        "title" : "Untitled",
        "transform" : [
          -0.74769545,
          1.5057626e-09,
          0.6640417,
          0,
          0.119834185,
          0.9835819,
          0.13493052,
          0,
          -0.6531394,
          0.1804618,
          -0.7354198,
          0,
          -2.5219395,
          0.75130314,
          -2.8241906,
          1
        ]
      },
      {
        "date" : 730896872.42395,
        "title" : "Untitled",
        "transform" : [
          0.99999994,
          0,
          0,
          0,
          0,
          0.8660254,
          -0.49999988,
          0,
          0,
          0.49999988,
          0.8660254,
          0,
          0.0019899323,
          1.9809963,
          3.3347645,
          1
        ]
      },
      {
        "date" : 730896869.210062,
        "title" : "Untitled",
        "transform" : [
          0.99999994,
          0,
          0,
          0,
          0,
          0.8660254,
          -0.49999988,
          0,
          0,
          0.49999988,
          0.8660254,
          0,
          0.0026772143,
          2.5905006,
          4.357155,
          1
        ]
      },
      {
        "date" : 730896837.158778,
        "title" : "Untitled",
        "transform" : [
          0.99999994,
          0,
          -0,
          0,
          -0,
          0.8660254,
          -0.49999988,
          0,
          0,
          0.49999988,
          0.8660254,
          0,
          0,
          0.21625844,
          0.37457064,
          1
        ]
      }
    ],
    "AF09ED6F-1707-48FD-8720-65B998362C09" : [
      {
        "date" : 730291630.835562,
        "title" : "Untitled",
        "transform" : [
          1,
          0,
          -0,
          0,
          -0,
          0.8660258,
          -0.4999994,
          0,
          0,
          0.4999994,
          0.8660258,
          0,
          0,
          3.64689,
          4.1992593,
          1
        ]
      }
    ],
    "B2A257E5-0E51-45F8-891F-5F5B97C2A30F" : [
      {
        "date" : 730487766.523679,
        "title" : "Untitled",
        "transform" : [
          1,
          0,
          0,
          0,
          0,
          0.7071069,
          -0.70710677,
          0,
          0,
          0.70710677,
          0.7071069,
          0,
          -0.008023962,
          1.5149475,
          1.0015934,
          1
        ]
      },
      {
        "date" : 730487758.595968,
        "title" : "Untitled",
        "transform" : [
          1,
          0,
          0,
          0,
          0,
          0.7071069,
          -0.70710677,
          0,
          0,
          0.70710677,
          0.7071069,
          0,
          -0.106450304,
          1.3381705,
          1.1783704,
          1
        ]
      },
      {
        "date" : 730487748.006018,
        "title" : "Untitled",
        "transform" : [
          1,
          0,
          0,
          0,
          0,
          0.7071069,
          -0.70710677,
          0,
          0,
          0.70710677,
          0.7071069,
          0,
          -0.15278077,
          2.0537417,
          2.1857166,
          1
        ]
      },
      {
        "date" : 730487718.620634,
        "title" : "Untitled",
        "transform" : [
          1,
          0,
          0,
          0,
          0,
          0.7071069,
          -0.70710677,
          0,
          0,
          0.70710677,
          0.7071069,
          0,
          -0.12583184,
          1.8219459,
          1.835635,
          1
        ]
      },
      {
        "date" : 730487600.32621,
        "title" : "Untitled",
        "transform" : [
          0.99999994,
          0,
          0,
          0,
          0,
          0.8660254,
          -0.49999988,
          0,
          0,
          0.49999988,
          0.8660254,
          0,
          0.014907336,
          0.051826507,
          0.82752705,
          1
        ]
      },
      {
        "date" : 730487591.566702,
        "title" : "Untitled",
        "transform" : [
          0.99999994,
          0,
          0,
          0,
          0,
          0.8660254,
          -0.49999988,
          0,
          0,
          0.49999988,
          0.8660254,
          0,
          0,
          0.37128636,
          0.6430869,
          1
        ]
      },
      {
        "date" : 730487534.792009,
        "title" : "Untitled",
        "transform" : [
          0.99999994,
          0,
          -0,
          0,
          -0,
          0.8660254,
          -0.49999988,
          0,
          0,
          0.49999988,
          0.8660254,
          0,
          0,
          0.21625844,
          0.37457064,
          1
        ]
      }
    ],
    "F94CA2DB-7D00-4F6B-B85F-50CBAF8168C6" : [
      {
        "date" : 731177919.549137,
        "title" : "Untitled",
        "transform" : [
          1,
          0,
          0,
          0,
          0,
          0.7071069,
          -0.70710677,
          0,
          0,
          0.70710677,
          0.7071069,
          0,
          -0.39035475,
          1.5550426,
          2.1075437,
          1
        ]
      },
      {
        "date" : 731177908.384072,
        "title" : "Untitled",
        "transform" : [
          1,
          0,
          0,
          0,
          0,
          0.7071069,
          -0.70710677,
          0,
          0,
          0.70710677,
          0.7071069,
          0,
          0.583755,
          1.6681321,
          1.9944534,
          1
        ]
      },
      {
        "date" : 731177901.081185,
        "title" : "Untitled",
        "transform" : [
          1,
          0,
          0,
          0,
          0,
          0.7071069,
          -0.70710677,
          0,
          0,
          0.70710677,
          0.7071069,
          0,
          1.1789603,
          3.4071374,
          7.557887,
          1
        ]
      },
      {
        "date" : 731177834.68915,
        "title" : "Untitled",
        "transform" : [
          1,
          0,
          0,
          0,
          0,
          0.7071069,
          -0.70710677,
          0,
          0,
          0.70710677,
          0.7071069,
          0,
          1.2237617,
          1.0778863,
          2.6215606,
          1
        ]
      },
      {
        "date" : 730906053.471411,
        "title" : "Untitled",
        "transform" : [
          1,
          0,
          0,
          0,
          0,
          0.7071069,
          -0.70710677,
          0,
          0,
          0.70710677,
          0.7071069,
          0,
          6.071727,
          5.3479624,
          13.006944,
          1
        ]
      },
      {
        "date" : 730906038.129868,
        "title" : "Untitled",
        "transform" : [
          0.8434452,
          2.372733e-10,
          0.53721523,
          0,
          0.031375907,
          0.998293,
          -0.049261183,
          0,
          -0.5362982,
          0.058404725,
          0.84200543,
          0,
          7.123442,
          1.744111,
          6.3842425,
          1
        ]
      },
      {
        "date" : 730906026.087801,
        "title" : "Untitled",
        "transform" : [
          -0.6261673,
          3.323355e-10,
          0.77968866,
          0,
          0.14606044,
          0.98229665,
          0.11730101,
          0,
          -0.76588565,
          0.18733174,
          -0.6150821,
          0,
          -1.574081,
          2.5430117,
          3.1062882,
          1
        ]
      },
      {
        "date" : 730906016.914387,
        "title" : "Untitled",
        "transform" : [
          -0.6261673,
          3.323355e-10,
          0.77968866,
          0,
          0.14606044,
          0.98229665,
          0.11730101,
          0,
          -0.76588565,
          0.18733174,
          -0.6150821,
          0,
          0.55844927,
          1.5128524,
          0.13716269,
          1
        ]
      },
      {
        "date" : 730906015.606027,
        "title" : "Untitled",
        "transform" : [
          -0.6261673,
          3.323355e-10,
          0.77968866,
          0,
          0.14606044,
          0.98229665,
          0.11730101,
          0,
          -0.76588565,
          0.18733174,
          -0.6150821,
          0,
          0.70063734,
          1.4322336,
          -0.06443977,
          1
        ]
      },
      {
        "date" : 730906011.570771,
        "title" : "Untitled",
        "transform" : [
          -0.6261673,
          3.323355e-10,
          0.77968866,
          0,
          0.14606044,
          0.98229665,
          0.11730101,
          0,
          -0.76588565,
          0.18733174,
          -0.6150821,
          0,
          -0.04621315,
          0.518533,
          0.58724046,
          1
        ]
      }
    ],
    "FE31BB63-366A-4297-9D0B-6BC6713E5955" : [
      {
        "date" : 731177845.783765,
        "title" : "Untitled",
        "transform" : [
          0.99991196,
          0,
          -0.013274749,
          0,
          -0.0066373763,
          0.8660255,
          -0.49995586,
          0,
          0.011496254,
          0.49999994,
          0.8659492,
          0,
          148.83786,
          158.83292,
          297.07352,
          1
        ]
      },
      {
        "date" : 731177821.854187,
        "title" : "Untitled",
        "transform" : [
          0.99991196,
          0,
          -0.013274749,
          0,
          -0.0066373763,
          0.8660255,
          -0.49995586,
          0,
          0.011496254,
          0.49999994,
          0.8659492,
          0,
          110.791855,
          232.85065,
          254.84067,
          1
        ]
      },
      {
        "date" : 730906926.788041,
        "title" : "Untitled",
        "transform" : [
          0.99991196,
          0,
          -0.013274749,
          0,
          -0.0066373763,
          0.8660255,
          -0.49995586,
          0,
          0.011496254,
          0.49999994,
          0.8659492,
          0,
          138.74835,
          310.66998,
          209.5365,
          1
        ]
      },
      {
        "date" : 730906166.476947,
        "title" : "Untitled",
        "transform" : [
          0.99991196,
          0,
          -0.013274749,
          0,
          -0.0066373763,
          0.8660255,
          -0.49995586,
          0,
          0.011496254,
          0.49999994,
          0.8659492,
          0,
          697.0941,
          403.06775,
          148.77338,
          1
        ]
      },
      {
        "date" : 730906065.350824,
        "title" : "Untitled",
        "transform" : [
          0.99991196,
          0,
          -0.013274749,
          0,
          -0.0066373763,
          0.8660255,
          -0.49995586,
          0,
          0.011496254,
          0.49999994,
          0.8659492,
          0,
          228.35435,
          393.08133,
          160.76251,
          1
        ]
      },
      {
        "date" : 730905919.901878,
        "title" : "Untitled",
        "transform" : [
          0.99991196,
          0,
          -0.013274749,
          0,
          -0.0066373763,
          0.8660255,
          -0.49995586,
          0,
          0.011496254,
          0.49999994,
          0.8659492,
          0,
          152.84593,
          395.63278,
          160.29169,
          1
        ]
      },
      {
        "date" : 730905908.667247,
        "title" : "Untitled",
        "transform" : [
          0.99991196,
          0,
          -0.013274749,
          0,
          -0.0066373763,
          0.8660255,
          -0.49995586,
          0,
          0.011496254,
          0.49999994,
          0.8659492,
          0,
          581.3963,
          285.41083,
          201.83762,
          1
        ]
      },
      {
        "date" : 730889200.474802,
        "title" : "Untitled",
        "transform" : [
          0.99991196,
          0,
          -0.013274749,
          0,
          -0.0066373763,
          0.8660255,
          -0.49995586,
          0,
          0.011496254,
          0.49999994,
          0.8659492,
          0,
          223.26704,
          265.52905,
          218.07184,
          1
        ]
      },
      {
        "date" : 730889190.666173,
        "title" : "Untitled",
        "transform" : [
          0.99991196,
          0,
          -0.013274749,
          0,
          -0.0066373763,
          0.8660255,
          -0.49995586,
          0,
          0.011496254,
          0.49999994,
          0.8659492,
          0,
          199.5725,
          187.80656,
          263.26352,
          1
        ]
      },
      {
        "date" : 730889179.33472,
        "title" : "Untitled",
        "transform" : [
          0.99991196,
          0,
          -0.013274749,
          0,
          -0.0066373763,
          0.8660255,
          -0.49995586,
          0,
          0.011496254,
          0.49999994,
          0.8659492,
          0,
          411.71323,
          426.43423,
          813.12445,
          1
        ]
      }
    ]
  },
  "selectedSceneRelativePath" : "Room2.usda"
}